File ADT# Time#1       Time#2       Time#3      Ignore
File1 1   0.355023     0.32205     0.322751     0      
File2 1   2238.16     2226.34     2227.05     0      
File3 1   0.254283     0.222329     0.225615     1e-06      
File4 1   1938.95     1934.22     1935.76     0      
File1 2   0.228225     0.216317     0.21651     0      
File2 2   9412.58     9403.63     9405.96     0      
File3 2   0.288544     0.27666     0.277114     0      
File4 2   4712.66     9443.71     9451.39     0      
File1 3   0.183388     0.183166     0.182921     0      
File2 3   0.171694     0.171322     0.171099     0      
File3 3   0.170842     0.1707     0.170375     0      
File4 3   0.179951     0.179732     0.179711     1e-06      
File1 4   0.267989     0.266099     0.265797     1e-06      
File2 4   0.212148     0.213908     0.214038     0      
File3 4   0.209862     0.209504     0.210325     0      
File4 4   0.217025     0.217087     0.217333     0      
File1 5   0.196364     0.196075     0.195901     0      
File2 5   0.184621     0.183762     0.183211     0      
File3 5   0.183552     0.183228     0.182939     1e-06      
File4 5   0.190132     0.189204     0.188688     0      
File1 6   0.856161     0.908896     0.893867     1e-06      
File2 6   0.65389     0.66362     0.652891     1e-06      
File3 6   0.76573     0.774755     0.771929     0      
File4 6   3.03403     3.17835     3.21428     0      
