A 57, 392, 427, 452, 645, 874, 876, 1206, 1570, 1749, 1911, 2144, 2308, 2326, 2874, 3145, 3243, 3422.
ACTUAL 3590.
ADVENTURES 19, 30, 3376.
AGREE 3586, 3588.
AGREEMENT 3589.
AK 3664.
ALICE 19, 30, 268, 271, 3376.
ALL 2223, 3103, 3145, 3272.
AND 1963, 2457, 2655, 3589.
ANY 3589, 3609-3610.
ANYTHING 3400.
ARE 710, 1033, 1310, 2130, 2479, 2705.
AS 3608.
ASCII 3515, 3519.
AT 2223.
About 3712.
Ada 310.
Additional 3497.
Adventures 0, 8, 3317, 3326, 3374.
Advice 957.
After 206, 289, 873, 1231, 1955, 2997.
Ah 306, 662, 1701, 2258, 2455.
Ahem 473.
After 206, 289, 873, 1231, 1955, 2997.
Ah 306, 662, 1701, 2258, 2455.
Ahem 473.
Alas 751.
Alice 0, 8, 41, 44, 53, 59, 65, 69, 85, 93, 98, 112, 117, 127, 130, 138, 143, 151, 156, 160, 167, 171, 182, 193, 201, 207, 215, 222, 228, 235, 253, 261, 279, 283, 294, 300, 335, 343, 356, 367, 375, 386, 390, 397, 399, 403, 409, 412, 416, 424, 426, 432, 440, 446, 460, 463, 470, 504, 506, 521, 546, 550, 558, 560, 568, 579, 583, 586, 637, 640, 645, 651, 656, 666, 672, 682, 687, 702, 709, 712, 725, 727, 730, 759, 764, 774, 778, 787, 793-794, 797, 822, 827, 844, 862, 868, 871, 874, 876, 882, 893, 897, 910, 918, 921, 929, 933, 941, 959, 965, 973, 978, 984, 991, 997, 1003, 1010, 1014, 1019, 1025, 1031, 1035, 1080, 1090, 1095, 1101, 1106, 1113, 1120, 1125, 1149, 1155, 1171, 1177, 1183, 1190, 1198, 1203, 1212, 1219, 1224, 1229, 1245, 1261, 1274, 1279, 1288, 1294, 1308, 1313, 1321, 1325, 1333, 1342, 1348, 1357, 1362, 1371, 1378, 1385, 1408, 1419, 1424, 1426, 1435, 1438, 1441, 1444, 1450, 1454, 1469, 1475, 1480, 1484, 1489, 1496, 1501, 1505, 1510, 1516, 1521, 1526, 1533, 1538, 1548, 1555, 1576, 1580-1581, 1586, 1591, 1596, 1599, 1602, 1608, 1614, 1618, 1632, 1637, 1641, 1656, 1663, 1668, 1678, 1681, 1687, 1693, 1698, 1710, 1716, 1728, 1744, 1749, 1755, 1759, 1765, 1776, 1785, 1791, 1796, 1800, 1802, 1808, 1812, 1819, 1824, 1831, 1839, 1841, 1844, 1851, 1856, 1863, 1867, 1876, 1881, 1888, 1913, 1935, 1939, 1950, 1959, 1965, 1972, 1977, 1979, 1989, 1995, 2019, 2021, 2033, 2036, 2038, 2044, 2051, 2055, 2058, 2066, 2071, 2082, 2091, 2106, 2108, 2113, 2124, 2130, 2133, 2142, 2144, 2157, 2165, 2167, 2172, 2182, 2198, 2215, 2218, 2237, 2240, 2243, 2245, 2255, 2259, 2263, 2269, 2275, 2280, 2283, 2287, 2296, 2303, 2308, 2315, 2321, 2323, 2334, 2348, 2351, 2354, 2358, 2362, 2371-2372, 2378, 2380, 2385, 2390, 2404, 2413, 2422, 2429, 2435, 2439, 2444, 2449, 2453, 2459, 2465, 2471, 2476, 2481, 2490, 2504, 2510, 2515, 2521, 2532, 2539-2540, 2544, 2578, 2580, 2584, 2591, 2621, 2628, 2634, 2647, 2653, 2657, 2663, 2669, 2674, 2681, 2686, 2692, 2700, 2714, 2720, 2742, 2753, 2759, 2777, 2783, 2815, 2818, 2837, 2842, 2851, 2860, 2866, 2871, 2875, 2877, 2943, 2952, 2956, 3016, 3030, 3046, 3077, 3081, 3086, 3089, 3104, 3106, 3120, 3122, 3126, 3140, 3147, 3149, 3155, 3160, 3203, 3249, 3272, 3294, 3299, 3304, 3313, 3316, 3321, 3325, 3329, 3374.
All 1551, 2343, 2891, 2963, 3267.
Allow 1055.
Always 1921.
Ambition 2468.
An 815, 908, 1267, 1269, 3238.
And 108, 117, 196, 202, 264, 266, 302, 306, 327, 332, 362, 410, 428, 514, 525, 587, 669, 673-674, 687, 712, 726, 770, 782, 804, 933, 1038-1039, 1048, 1063-1064, 1106, 1131, 1155-1156, 1193, 1284, 1326, 1391, 1396, 1463, 1505, 1746, 1768, 1778, 1828, 1894, 1983, 2010, 2202, 2240, 2272, 2283, 2451, 2493, 2504, 2521, 2669, 2688, 2732, 2771, 2851, 2893, 2960, 3073, 3217, 3258.
Ann 710, 722, 786.
Antipathies 103.
Any 3520.
Anything 1323.
Archive 3443, 3536, 3540, 3542, 3563, 3582, 3644, 3646, 3651, 3654, 3660, 3678, 3733.
Are 425, 1098, 2026, 3183.
Arithmetic 2468.
As 347, 364, 421, 506, 718, 748, 828, 889, 1160, 1186, 1243, 1431, 1543, 2362, 2727, 3011, 3113.
At 467, 541, 1301, 1888, 1946, 2429, 2535, 3143, 3307.
Atheling 501.
Australia 106.
Author 10.
Atheling 501.
Australia 106.
Author 10.
B 3433, 3672.
BE 3268, 3589.
BEE 1030.
BEFORE 3275, 3409.
BEG 3096.
BEST 1646, 1653.
BOOTS 2655.
BREACH 3587.
BUSY 1030.
BUT 3609.
Back 2575.
Be 1075, 2291.
Beau 2796-2797, 2806-2807.
Beautiful 2791, 2799, 2801, 2809, 2823.
Because 1398.
Before 3237.
Begin 3211.
Behead 3064.
Besides 313.
Between 3244.
Behead 3064.
Besides 313.
Between 3244.
Bill 696, 834, 837, 839, 841, 844-846, 852, 855, 861, 891, 2880, 3280.
Birds 2273.
Boots 2666.
Brandy 857.
Bring 2965.
But 117, 222, 285, 305, 502, 536, 544, 555, 651, 717, 729, 774, 1044, 1106, 1198, 1294, 1296, 1321, 1445, 1496, 1759, 1797, 1845, 1851, 1893, 2309, 2321, 2405, 2607, 2638, 2733, 2750, 2838, 2999, 3219, 3272, 3324.
By 733, 1054, 1530, 2170, 3422.
C 580, 3438, 3443.
CAN 349, 702, 768, 1155.
CHAPTER 39, 251, 452, 696, 957, 1253, 1570, 1909, 2212, 2529, 2828, 3086.
CHORUS 1400, 1415.
CONSEQUENTIAL 3590.
CONTRACT 3587.
COULD 828, 1353, 2750, 3261.
COURT 3145.
CURTSEYING 107.
Call 1518, 2900, 3043, 3072.
Can 1028, 2031.
Canary 680.
Canterbury 489.
Can 1028, 2031.
Canary 680.
Canterbury 489.
Carroll 0, 10, 32, 3374.
Cat 1466, 1469, 1478, 1482, 1486, 1492, 1498, 1503, 1508, 1512, 1518, 1524, 1530, 1536, 1543, 1546, 1551, 2101, 2103, 2110, 2122, 2131, 2133, 2139, 2177, 2204.
Catch 856.
Caterpillar 957, 959-960, 963, 970, 976, 982, 989, 994, 997, 1001, 1004, 1007, 1012, 1017, 1028, 1033, 1078, 1083, 1086, 1093, 1098, 1103, 1110, 1114, 1122, 2705.
Caucus 452, 519, 521.
Certainly 2453.
Change 2573.
Cheshire 1346, 1352, 1466, 1473, 2101, 2133, 2177.
Chief 3673.
Chorus 2811.
Christmas 262.
City 3666.
Classics 2495.
Coils 2488.
Collar 3064.
Come 215, 340, 599, 681, 727, 808, 1007, 1149, 1239, 1475, 1608, 2038, 2360, 2363, 2383, 2393, 2586, 2689, 2815, 2819, 3030.
Coming 728.
Compliance 3690.
Conqueror 398, 475.
Consider 1998, 2895, 3162.
Compliance 3690.
Conqueror 398, 475.
Consider 1998, 2895, 3162.
Contact 3564.
Contributions 3659.
Copyright 3460.
Crab 661, 663.
Creating 3387.
Croquet 1909.
Curiouser 253.
D 580, 1924, 3459.
DAMAGE 3592.
DAMAGES 3580, 3591.
DIRECT 3590.
DISCLAIMER 3580.
DISTRIBUTE 3409.
DISTRIBUTOR 3589.
DOES 2655.
DON 1093.
DONATIONS 3694.
DOTH 1030.
DRINK 168, 738.
Date 12-13.
DOTH 1030.
DRINK 168, 738.
Date 12-13.
Dear 301.
December 14.
Defect 3629.
Defects 3574.
Derision 2469.
Despite 3572.
Did 482, 1546, 2053.
Digging 805, 808.
Dinah 113-115, 123, 410, 666, 669, 673, 684, 686, 726, 730, 869.
Dinn 2631.
Director 3673.
Distraction 2469.
Do 108, 119, 437, 824, 1040, 1074, 1518, 1611, 2650, 2979, 3264, 3501, 3505, 3523.
Dodo 445, 509, 518, 522, 525, 527, 535, 538, 541, 546, 557, 562, 564.
Does 1660, 2657.
Domain 3722.
Don 422, 858, 1438, 1915, 2141, 2430, 2686, 2956, 3241.
Donations 3677, 3707.
Dormouse 1573, 1576, 1627, 1672, 1675, 1736, 1768, 1771, 1781, 1788, 1794, 1813, 1816, 1820, 1827, 1833, 1838-1839, 1844, 1851, 1854, 1856, 1859, 1869, 1882, 1885, 2911, 2916, 2949, 2954, 2959, 2964, 2993-2994, 2999, 3064-3065, 3068.
Down 39, 90, 112.
Donations 3677, 3707.
Dormouse 1573, 1576, 1627, 1672, 1675, 1736, 1768, 1771, 1781, 1788, 1794, 1813, 1816, 1820, 1827, 1833, 1838-1839, 1844, 1851, 1854, 1856, 1859, 1869, 1882, 1885, 2911, 2916, 2949, 2954, 2959, 2964, 2993-2994, 2999, 3064-3065, 3068.
Down 39, 90, 112.
Dr 3663, 3672.
Drawling 2486-2487.
Drink 171.
Drive 2430.
Duchess 293, 700, 1267, 1270, 1329, 1336, 1346, 1355, 1360, 1366-1367, 1375, 1383, 1390, 1406, 1419, 2044, 2198, 2205, 2215, 2222, 2231, 2239, 2244, 2252, 2258, 2266, 2272, 2277, 2282, 2290, 2299, 2305, 2312, 2318, 2321, 2326, 2332, 3045, 3342.
Duck 445, 491, 497.
E 3431, 3441, 3469, 3471, 3483, 3489-3492, 3494, 3496, 3501, 3505, 3507, 3511, 3521, 3523, 3525, 3527, 3560.
EAT 227.
EBOOK 19, 3376.
EBook 12.
EDITION 34.
EIN 3657.
END 3368, 3376.
ESQ 268.
EVEN 2405, 3591.
EVER 2743.
EVERYBODY 542.
EXCEPT 3587.
EXPRESS 3609.
Each 2556.
EXCEPT 3587.
EXPRESS 3609.
Each 2556.
Eaglet 446, 513, 515.
Edgar 501.
Edwin 477, 487.
Either 73.
Elsie 1782.
Email 3667.
End 3374.
England 2615.
English 16, 254, 369, 397, 476, 513, 1669.
Even 1336.
Everybody 2385, 3147.
Everything 387, 2239.
Evidence 3086.
Exactly 1614, 1757, 3234.
Except 3580, 3607.
Executive 3673.
Explain 970, 2695.
F 3552, 3567, 3569, 3580-3581, 3588, 3594, 3607-3608, 3612, 3620.
FATHER 1033, 2705.
FENDER 270.
F 3552, 3567, 3569, 3580-3581, 3588, 3594, 3607-3608, 3612, 3620.
FATHER 1033, 2705.
FENDER 270.
FIT 3276, 3285.
FITNESS 3610.
FOOT 268.
FOR 3586, 3590, 3610.
FOUNDATION 3588.
FROM 3272.
FUL 2809.
FULCRUM 34.
FULL 3406, 3408.
Fainting 2488.
Fairbanks 3664.
Father 1037, 1042.
Fetch 786.
Fifteenth 2914.
First 75, 198, 529, 1282, 1952, 2901, 3329.
Fish 1265, 1276.
Five 1915, 1918, 1921, 1924, 1931, 1942, 1947.
Footman 1265, 1268, 1276, 1281, 1290, 1299, 1302, 1305, 1310, 1317, 1323.
For 159, 398, 433, 603, 1020, 1058, 1255, 1267, 1291, 1412, 1703, 3068, 3242, 3671, 3717.
Forty 3145.
EXCEPT 3587.
EXPRESS 3609.
Each 2556.
Eaglet 446, 513, 515.
Edgar 501.
Edwin 477, 487.
Either 73.
Elsie 1782.
Email 3667.
End 3374.
England 2615.
English 16, 254, 369, 397, 476, 513, 1669.
Even 1336.
Everybody 2385, 3147.
Everything 387, 2239.
Evidence 3086.
Exactly 1614, 1757, 3234.
Except 3580, 3607.
Executive 3673.
Explain 970, 2695.
F 3552, 3567, 3569, 3580-3581, 3588, 3594, 3607-3608, 3612, 3620.
FATHER 1033, 2705.
FENDER 270.
F 3552, 3567, 3569, 3580-3581, 3588, 3594, 3607-3608, 3612, 3620.
FATHER 1033, 2705.
FENDER 270.
FIT 3276, 3285.
FITNESS 3610.
FOOT 268.
FOR 3586, 3590, 3610.
FOUNDATION 3588.
FROM 3272.
FUL 2809.
FULCRUM 34.
FULL 3406, 3408.
Fainting 2488.
Fairbanks 3664.
Father 1037, 1042.
Fetch 786.
Fifteenth 2914.
First 75, 198, 529, 1282, 1952, 2901, 3329.
Fish 1265, 1276.
Five 1915, 1918, 1921, 1924, 1931, 1942, 1947.
Footman 1265, 1268, 1276, 1281, 1290, 1299, 1302, 1305, 1310, 1317, 1323.
For 159, 398, 433, 603, 1020, 1058, 1255, 1267, 1291, 1412, 1703, 3068, 3242, 3671, 3717.
Forty 3145.
Footman 1265, 1268, 1276, 1281, 1290, 1299, 1302, 1305, 1310, 1317, 1323.
For 159, 398, 433, 603, 1020, 1058, 1255, 1267, 1291, 1412, 1703, 3068, 3242, 3671, 3717.
Forty 3145.
Found 491, 493.
Foundation 3388, 3443, 3465, 3536, 3540, 3542, 3563, 3565, 3582, 3620-3621, 3644, 3646, 3648, 3652, 3654, 3657, 3660, 3663, 3668, 3678, 3688, 3733.
Fourteenth 2911.
France 2615.
French 398, 401, 2449, 2457.
Frog 1268.
From 1269.
Full 3414.
Fury 591, 625.
GAVE 3269.
GIVE 3591.
GUTENBERG 19, 3376, 3393, 3408.
Game 2802.
General 3391, 3419, 3712.
Geography 317.
Get 2006, 2063.
Give 2935, 2968, 3049.
Go 2747, 2756, 2980.
Good 255.
Grammar 392.
Go 2747, 2756, 2980.
Good 255.
Grammar 392.
Gregory 3672.
Grief 2499.
Ground 1909.
Gryphon 2367-2368, 2372, 2376-2377, 2382, 2391-2392, 2398, 2412, 2428-2429, 2439, 2473, 2478, 2493, 2495, 2501, 2512, 2523, 2534, 2546, 2552, 2556, 2560, 2564, 2568, 2573, 2586, 2589, 2640, 2642, 2650, 2655, 2660, 2666, 2671, 2689, 2697, 2709, 2713, 2717, 2737, 2747, 2756, 2777, 2780, 2784, 2811, 2815, 2818, 2860, 2863, 3343, 3354.
Gutenberg 0, 4, 3374, 3392, 3394, 3411, 3414-3415, 3419, 3422, 3427, 3429, 3433, 3436, 3439-3440, 3443, 3445, 3450, 3452-3454, 3457, 3465, 3469, 3472-3475, 3480, 3483, 3488, 3491, 3494, 3498, 3501, 3503, 3509, 3514, 3516, 3520, 3524, 3528, 3532, 3534, 3536, 3540, 3542, 3546, 3550, 3558, 3560, 3563-3564, 3569, 3571-3572, 3582-3584, 3622, 3624, 3627, 3629, 3632, 3634, 3641-3642, 3644-3646, 3651, 3654, 3659, 3677, 3680, 3706, 3712, 3715, 3718, 3721, 3731-3732.
HAD 3276.
HATED 421.
HAVE 1155, 1212, 2011, 2638, 3586.
HE 1719, 2269, 2487, 2496.
HEARTHRUG 269.
HEARTS 1963.
HER 2199, 3269.
HERE 772.
HIGH 3145.
HIM 1691, 3269, 3272.
HIS 2189.
HOW 1030.
Hadn 2495.
Half 1705.
Hand 562.
Footman 1265, 1268, 1276, 1281, 1290, 1299, 1302, 1305, 1310, 1317, 1323.
For 159, 398, 433, 603, 1020, 1058, 1255, 1267, 1291, 1412, 1703, 3068, 3242, 3671, 3717.
Forty 3145.
Found 491, 493.
Foundation 3388, 3443, 3465, 3536, 3540, 3542, 3563, 3565, 3582, 3620-3621, 3644, 3646, 3648, 3652, 3654, 3657, 3660, 3663, 3668, 3678, 3688, 3733.
Fourteenth 2911.
France 2615.
French 398, 401, 2449, 2457.
Frog 1268.
From 1269.
Full 3414.
Fury 591, 625.
GAVE 3269.
GIVE 3591.
GUTENBERG 19, 3376, 3393, 3408.
Game 2802.
General 3391, 3419, 3712.
Geography 317.
Get 2006, 2063.
Give 2935, 2968, 3049.
Go 2747, 2756, 2980.
Good 255.
Grammar 392.
F 3552, 3567, 3569, 3580-3581, 3588, 3594, 3607-3608, 3612, 3620.
FATHER 1033, 2705.
FENDER 270.
FIT 3276, 3285.
FITNESS 3610.
FOOT 268.
FOR 3586, 3590, 3610.
FOUNDATION 3588.
FROM 3272.
FUL 2809.
FULCRUM 34.
FULL 3406, 3408.
Fainting 2488.
Fairbanks 3664.
Father 1037, 1042.
Fetch 786.
Fifteenth 2914.
First 75, 198, 529, 1282, 1952, 2901, 3329.
Fish 1265, 1276.
Five 1915, 1918, 1921, 1924, 1931, 1942, 1947.
Footman 1265, 1268, 1276, 1281, 1290, 1299, 1302, 1305, 1310, 1317, 1323.
For 159, 398, 433, 603, 1020, 1058, 1255, 1267, 1291, 1412, 1703, 3068, 3242, 3671, 3717.
Forty 3145.
Footman 1265, 1268, 1276, 1281, 1290, 1299, 1302, 1305, 1310, 1317, 1323.
For 159, 398, 433, 603, 1020, 1058, 1255, 1267, 1291, 1412, 1703, 3068, 3242, 3671, 3717.
Forty 3145.
Found 491, 493.
Foundation 3388, 3443, 3465, 3536, 3540, 3542, 3563, 3565, 3582, 3620-3621, 3644, 3646, 3648, 3652, 3654, 3657, 3660, 3663, 3668, 3678, 3688, 3733.
Fourteenth 2911.
France 2615.
French 398, 401, 2449, 2457.
Frog 1268.
From 1269.
Full 3414.
Fury 591, 625.
GAVE 3269.
GIVE 3591.
GUTENBERG 19, 3376, 3393, 3408.
Game 2802.
General 3391, 3419, 3712.
Geography 317.
Get 2006, 2063.
Give 2935, 2968, 3049.
Go 2747, 2756, 2980.
Good 255.
Grammar 392.
Go 2747, 2756, 2980.
Good 255.
Grammar 392.
Gregory 3672.
Grief 2499.
Ground 1909.
Gryphon 2367-2368, 2372, 2376-2377, 2382, 2391-2392, 2398, 2412, 2428-2429, 2439, 2473, 2478, 2493, 2495, 2501, 2512, 2523, 2534, 2546, 2552, 2556, 2560, 2564, 2568, 2573, 2586, 2589, 2640, 2642, 2650, 2655, 2660, 2666, 2671, 2689, 2697, 2709, 2713, 2717, 2737, 2747, 2756, 2777, 2780, 2784, 2811, 2815, 2818, 2860, 2863, 3343, 3354.
Gutenberg 0, 4, 3374, 3392, 3394, 3411, 3414-3415, 3419, 3422, 3427, 3429, 3433, 3436, 3439-3440, 3443, 3445, 3450, 3452-3454, 3457, 3465, 3469, 3472-3475, 3480, 3483, 3488, 3491, 3494, 3498, 3501, 3503, 3509, 3514, 3516, 3520, 3524, 3528, 3532, 3534, 3536, 3540, 3542, 3546, 3550, 3558, 3560, 3563-3564, 3569, 3571-3572, 3582-3584, 3622, 3624, 3627, 3629, 3632, 3634, 3641-3642, 3644-3646, 3651, 3654, 3659, 3677, 3680, 3706, 3712, 3715, 3718, 3721, 3731-3732.
HAD 3276.
HATED 421.
HAVE 1155, 1212, 2011, 2638, 3586.
HE 1719, 2269, 2487, 2496.
HEARTHRUG 269.
HEARTS 1963.
HER 2199, 3269.
HERE 772.
HIGH 3145.
HIM 1691, 3269, 3272.
HIS 2189.
HOW 1030.
Hadn 2495.
Half 1705.
Hand 562.
Hadn 2495.
Half 1705.
Hand 562.
Hardly 915.
Hare 1494, 1540-1541, 1559, 1573, 1584, 1589, 1594, 1612, 1616, 1624, 1644, 1646, 1651, 1685, 1708, 1720, 1762, 1774, 1800, 1820, 1838, 1840, 1842, 1865, 2910, 2914, 2983, 2985, 2989, 3339.
Hart 3564, 3715.
Has 1065.
Hatter 1493, 1565, 1573, 1599, 1605, 1621, 1631, 1636, 1643, 1648, 1660, 1666, 1668, 1672, 1678, 1683, 1690, 1695, 1701, 1713, 1718, 1730, 1740, 1746, 1752, 1757, 1778, 1805, 1810, 1820, 1835, 1840, 1848, 1870, 1879, 2903, 2910, 2922, 2924, 2929, 2932, 2963, 2966, 2971, 2977, 2982, 2987, 2993, 2997, 3001, 3005, 3024, 3033, 3036, 3040.
Have 1584, 1678, 2351.
He 431, 716, 813, 1293, 1397, 1599, 1701, 1741, 1838, 2046, 2142, 2496, 2532, 2713, 2903, 2991, 3180, 3188, 3221, 3233.
Heads 839.
Hearts 1721, 1961, 1974, 2830, 2890, 2892.
Her 365, 1137, 2704.
Herald 2885.
Here 808, 835, 837, 841, 1003, 1419, 1736, 2932, 3010, 3028, 3089.
Him 3239.
His 2734.
Hjckrrh 2412.
Hm 2785.
Hold 663, 857, 2439, 3297.
Hole 39.
How 86, 102, 153, 301, 320, 325, 330-331, 349, 503, 716, 725, 778, 858, 1240, 1296, 1308, 1501, 1724, 1744, 1989, 2103, 2122, 2263, 2719, 2750, 2763.
However 146, 182, 317, 371, 378, 533, 576, 1127, 1241, 1827, 2246, 2720, 2856, 3513.
Hole 39.
How 86, 102, 153, 301, 320, 325, 330-331, 349, 503, 716, 725, 778, 858, 1240, 1296, 1308, 1501, 1724, 1744, 1989, 2103, 2122, 2263, 2719, 2750, 2763.
However 146, 182, 317, 371, 378, 533, 576, 1127, 1241, 1827, 2246, 2720, 2856, 3513.
Hush 2046.
I 39, 55, 85, 87, 90-91, 93, 97-98, 101, 103, 105, 110, 113-117, 157-158, 172, 193, 201-202, 216, 227-230, 254, 257-262, 273, 285, 294, 303-306, 310-314, 316, 319-320, 335-344, 349, 361-362, 366, 375-376, 387, 389, 397, 403-404, 410, 415, 421, 424, 427, 430, 433, 441-442, 462, 468, 474, 482, 485, 487, 496, 509, 513-514, 518, 526, 597, 600, 605, 620-621, 626, 640-641, 643, 648, 651, 666, 669, 674, 679, 684-686, 702, 717-718, 726, 729, 739-742, 747-748, 756, 766-771, 774, 776, 794, 805, 823-824, 827-829, 834, 839-840, 845, 847, 862-864, 869, 871, 878, 884, 886, 897, 899, 935-938, 966-967, 973, 976, 978-979, 986, 991, 998, 1007, 1025-1026, 1030, 1043-1045, 1047, 1053, 1062, 1072, 1074-1075, 1080, 1090, 1093, 1100, 1106-1107, 1156, 1171, 1173-1174, 1177, 1179, 1187, 1190, 1193-1194, 1198, 1200, 1203, 1207, 1209, 1212, 1216-1217, 1221, 1224-1225, 1240-1241, 1243, 1246, 1282, 1288, 1292, 1296, 1299, 1308, 1318, 1321, 1352, 1357, 1387-1388, 1390, 1410-1411, 1420, 1434, 1450, 1454-1455, 1463, 1476, 1480, 1484, 1496, 1498, 1501, 1510, 1513-1514, 1516, 1521, 1530, 1536, 1540, 1548, 1555-1556, 1564-1565, 1576, 1587, 1596, 1608-1609, 1618, 1622, 1624-1625, 1628-1629, 1643, 1669, 1676, 1681, 1683, 1685, 1687, 1690, 1693, 1696, 1698-1699, 1708, 1710, 1718, 1721, 1724, 1728, 1740, 1747, 1755, 1763, 1765, 1771-1772, 1802, 1824, 1835, 1845, 1848, 1876, 1888-1889, 1894, 1898, 1918, 1924, 1931, 1981, 1989, 2016, 2055, 2101, 2113, 2118-2119, 2136, 2139, 2144-2145, 2148, 2154, 2214, 2222-2223, 2228, 2233-2234, 2265-2267, 2280, 2287, 2290, 2296-2297, 2299, 2305-2306, 2308, 2315, 2328, 2354, 2358, 2370-2371, 2386, 2401-2402, 2405, 2408, 2435, 2444, 2462, 2471, 2474, 2492, 2495, 2498, 2538, 2540, 2589, 2622, 2628, 2631, 2634, 2647, 2650, 2653, 2660, 2664, 2674-2675, 2684, 2688, 2691, 2693, 2711, 2720, 2725-2726, 2736, 2739, 2745, 2757, 2762, 2775, 2777, 2837, 2853, 2904-2906, 2911, 2929-2930, 2935, 2949-2950, 2952, 2959, 2968, 2971-2972, 2982, 2985, 2989, 2997, 3001, 3003, 3006, 3011, 3016, 3019, 3024, 3033, 3056, 3096, 3110, 3133, 3149, 3155, 3171, 3191-3192, 3208, 3219, 3221, 3226, 3231, 3251, 3258, 3260-3261, 3264, 3269, 3276, 3299, 3316.
IF 1434, 2368, 3591.
II 251.
III 452.
IMPLIED 3609.
IN 19, 30, 1851, 3376, 3588.
INCIDENTAL 3591.
INCLUDING 3609.
INDEMNITY 3620.
INDIRECT 3590.
INSIDE 1292.
IRS 3686.
IS 521, 586, 937, 1242, 1631, 1931, 2380, 2773, 3608.
IT 493, 1691, 2655, 3268.
ITS 58.
IV 696.
IX 2212.
Idiot 1976.
If 296, 869, 872, 884, 1375, 1449, 1461, 1690, 1821, 2674, 3021, 3194, 3223, 3231, 3249, 3257, 3395, 3425, 3428, 3446, 3461, 3483, 3487, 3494, 3560, 3594, 3597, 3601, 3603, 3614.
IX 2212.
Idiot 1976.
If 296, 869, 872, 884, 1375, 1449, 1461, 1690, 1821, 2674, 3021, 3194, 3223, 3231, 3249, 3257, 3395, 3425, 3428, 3446, 3461, 3483, 3487, 3494, 3560, 3594, 3597, 3601, 3603, 3614.
Imagine 3079.
Improve 326.
In 65, 509, 688, 1042, 1052, 1062, 1113, 1402, 1492, 2108, 2835, 3643.
Indeed 461.
Information 3541, 3632, 3651, 3677, 3712.
Internal 3656.
International 3702.
Involved 3232.
Is 1014, 1716, 1749.
It 171, 279, 290, 339, 444, 586, 681, 698, 744, 764, 839, 902, 982, 1083, 1103, 1224, 1237, 1259, 1313, 1315, 1346, 1469, 1533, 1556, 1560, 1593, 1631, 1646, 1653, 1657, 1691, 1730, 1747, 1817, 1889, 1989, 2041, 2101, 2106, 2133, 2195, 2198, 2258, 2280, 2288, 2356, 2382, 2392, 2580, 2709, 2711, 2753, 2774, 2924, 2977, 3074, 3158, 3174, 3179, 3181, 3203, 3288, 3319, 3433, 3636.
Its 3658, 3665.
Jack 864.
June 12.
Just 275, 380, 1379, 1892, 2124, 2318, 2943.
KIND 3609.
KING 1963.
KNOW 3268.
Keep 1012, 2675.
King 1961, 1998, 2007, 2130, 2136, 2141, 2147, 2154, 2179, 2191, 2206, 2348, 2362, 2830, 2834, 2847, 2868, 2885, 2895, 2900, 2908, 2918, 2922, 2926, 2935, 2968, 2975, 2979, 2991, 3003, 3008, 3022, 3026, 3036, 3043, 3049, 3053, 3056, 3072, 3102, 3120, 3124, 3128, 3133, 3143, 3151, 3158, 3162, 3174, 3188, 3194, 3199, 3206, 3211, 3247, 3257, 3267, 3274, 3285, 3288-3289.
Kings 1958.
Keep 1012, 2675.
King 1961, 1998, 2007, 2130, 2136, 2141, 2147, 2154, 2179, 2191, 2206, 2348, 2362, 2830, 2834, 2847, 2868, 2885, 2895, 2900, 2908, 2918, 2922, 2926, 2935, 2968, 2975, 2979, 2991, 3003, 3008, 3022, 3026, 3036, 3043, 3049, 3053, 3056, 3072, 3102, 3120, 3124, 3128, 3133, 3143, 3151, 3158, 3162, 3174, 3188, 3194, 3199, 3206, 3211, 3247, 3257, 3267, 3274, 3285, 3288-3289.
Kings 1958.
Knave 1961, 1974, 2001, 2004, 2832, 2892, 3191, 3262, 3264.
LEAVE 3145.
LESS 1805.
LIABILITY 3587.
LIABLE 3590.
LICENSE 3406, 3408.
LIMITED 3580, 3594, 3609.
LITTLE 1030, 1100.
LL 468.
LOVE 271.
Lacie 1782.
Lake 3666.
Language 16.
Last 14, 861.
Lastly 3359.
Latin 392.
Latitude 97-98.
Laughing 2499.
Leave 2010.
Let 92, 262, 303, 314, 441, 595, 662, 937, 1171, 2334, 3289.
Laughing 2499.
Leave 2010.
Let 92, 262, 303, 314, 441, 595, 662, 937, 1171, 2334, 3289.
Lewis 0, 10, 32, 3374.
License 4, 3415, 3457, 3472, 3480, 3498, 3502, 3509, 3521, 3547.
Like 1733.
Literary 3443, 3536, 3540, 3542, 3563, 3582, 3644, 3646, 3651, 3654, 3660, 3678, 3732.
Little 696.
Lizard 891, 2880, 3107, 3116, 3279, 3344.
Lobster 2529, 2542, 2721, 2725, 2780.
London 318.
Long 452.
Longitude 98-99.
Look 1915.
Lory 446, 462, 464, 480, 485, 660, 670.
Luckily 759.
M 1861, 1863, 1871, 2222, 3149.
MARMALADE 80.
ME 168, 227, 738, 992, 1224, 1390, 2683.
MERCHANTIBILITY 3610.
MILE 3145.
MILLENNIUM 34.
MINE 1666, 1990.
MILE 3145.
MILLENNIUM 34.
MINE 1666, 1990.
MORE 1806, 3145.
MUST 2415, 3003, 3195.
MYSELF 973.
Ma 106, 663.
Mabel 312, 320, 336, 339.
Mad 1570.
Magpie 678.
Majesty 1979, 2013, 2028, 2326, 2905, 2971, 3006, 3054, 3130, 3165, 3191, 3209.
Many 3684.
March 13, 1493, 1540-1541, 1543, 1559, 1573, 1584, 1589, 1594, 1612, 1616, 1624, 1644, 1646, 1651, 1685, 1708, 1719-1720, 1762, 1774, 1800, 1820, 1838, 1840, 1842, 1865, 2910-2911, 2914, 2983, 2985, 2989, 3339.
Mary 710, 722, 786.
May 1542, 2013.
Maybe 2224.
Melan 3663.
Mercia 478, 488.
Michael 3563, 3715.
Mind 838, 1450.
Mine 583.
Miss 727, 1943, 1946.
Mission 3632.
Mine 583.
Miss 727, 1943, 1946.
Mission 3632.
Mississippi 3656.
Mock 2212, 2352, 2354, 2356, 2369, 2388, 2395, 2401, 2408, 2413, 2418, 2424, 2430, 2437, 2440, 2447, 2451, 2455, 2462, 2467, 2482, 2484, 2492, 2498, 2507, 2519, 2531, 2535, 2549, 2558, 2562, 2570, 2575, 2582, 2586, 2593, 2625, 2631, 2637, 2639, 2678, 2683, 2688, 2695, 2706, 2711, 2739, 2745, 2750, 2773, 2781, 2783, 2788, 2811, 3345, 3356.
Morcar 477, 487.
Most 3727.
Mouse 389-390, 393, 401, 406, 416, 420, 425, 433, 437, 439, 467, 469, 473, 482, 487, 493, 500, 555, 577, 583, 587-588, 637, 643, 648, 654, 657, 690, 3338.
Multiplication 317.
My 1979, 2148, 3236.
Mystery 2484-2485.
NEAR 270.
NEGLIGENCE 3586.
NEVER 90, 774.
NO 1457, 3586, 3608.
NOT 182, 643, 1171, 1198, 1378, 3261, 3265, 3589, 3609.
NOTICE 3591.
Nay 840.
Nearly 3153, 3445.
Never 2292, 2473, 3072, 3279.
New 106.
Newby 3672.
Next 804, 1958.
New 106.
Newby 3672.
Next 804, 1958.
Nile 327.
No 109, 172, 338, 835, 862, 1017, 1208, 1449, 1580, 1681, 1824, 2055, 2354, 2541, 2544, 2697, 2785, 3185, 3292.
Nobody 685, 1808, 3301.
Nonsense 1995.
Nor 1685.
Normans 503.
North 3666.
Northumbria 478, 488.
Not 406, 485, 989, 1080, 1621, 1713, 1718, 2124, 2897.
Nothing 3122, 3124, 3126, 3275.
Now 123, 756, 811, 839, 1454, 1513, 1702, 1898, 2328, 2456, 2667, 3030.
Number 3160.
O 389-390, 393.
OF 19, 58, 1963, 2716, 3376, 3580, 3587, 3591, 3594, 3609-3610.
OLD 1033, 2705.
ONE 223, 1207, 1825, 3269.
OR 3409, 3587, 3590, 3594, 3609-3610.
ORANGE 80.
OTHER 3608.
OURS 2456.
ORANGE 80.
OTHER 3608.
OURS 2456.
OUT 58.
OUTSIDE 3180.
OWNER 3589.
Of 557, 1122, 1663, 1676, 1695, 1854, 2282, 2519, 2558, 2683, 2979, 3451.
Off 1741, 1993, 2017, 2088, 2152, 2344, 3065, 3301.
Oh 54-55, 131, 157, 257, 273, 293-294, 403, 646, 686, 700, 776, 778, 836, 838, 844, 936, 1090, 1325, 1371-1372, 1390, 1486, 1498, 2059, 2252, 2287, 2305, 2589, 2625, 2783, 3096, 3316.
On 328, 682, 1921, 2887.
Once 1781, 1897, 2408.
One 531, 1117, 1120, 1827, 2877, 3160.
Only 560, 729, 2275.
Or 2781.
Ou 400.
Our 421.
Owl 2763, 2767-2768.
PARAGRAPH 3588.
PERSONS 3145.
PG 3727.
PGLAF 3444.
PLEASE 1371, 3409.
PLENTY 1581.
PGLAF 3444.
PLEASE 1371, 3409.
PLENTY 1581.
POCKET 58.
POSSIBILITY 3591.
PRECIOUS 1372.
PROJECT 19, 3376, 3393, 3408.
PROVES 3201.
PROVIDED 3588.
PUNITIVE 3590.
PURPOSE 3610.
Panther 2763, 2766, 2770.
Paris 318.
Party 1570.
Pat 804, 811.
Pennyworth 2804-2805.
Pepper 1253, 3060.
Perhaps 397, 1698, 2237.
Pig 1253, 1346.
Pigeon 1169, 1173, 1180, 1184, 1186, 1194, 1200, 1206, 1216, 1220, 1228.
Pinch 3065.
Plain 3515, 3519.
Please 106, 656, 1288, 1342, 3191, 3706.
Pinch 3065.
Plain 3515, 3519.
Please 106, 656, 1288, 1342, 3191, 3706.
Pool 251.
Poor 279, 909.
Posting 12.
Pray 1050, 1060, 2302.
Presently 101, 792.
Prizes 548.
Professor 3715.
Project 0, 4, 3374, 3392-3393, 3411, 3413-3414, 3419, 3422, 3427-3428, 3433, 3436, 3438, 3440, 3443-3444, 3450-3451, 3453-3454, 3456, 3464, 3469, 3472-3474, 3480, 3483, 3488, 3491, 3494, 3498, 3501, 3503, 3508, 3514, 3516, 3520, 3524, 3528, 3532, 3534, 3536, 3540, 3542, 3546, 3550, 3558, 3560, 3563-3564, 3569, 3571-3572, 3581-3583, 3622, 3624, 3627, 3629, 3632, 3634, 3641-3643, 3645-3646, 3651, 3654, 3659, 3677, 3680, 3706, 3712, 3715, 3717, 3721, 3731-3732.
Public 3722.
Puss 1473.
QUEEN 1963.
QUITE 1080, 3110.
Quadrille 2529, 2542, 2722, 2780.
Queen 1267, 1269, 1421, 1519, 1721, 1741, 1909, 1924, 1944, 1948, 1950, 1973, 1976, 1983, 1992, 1995, 2001, 2006-2007, 2010, 2016, 2026, 2031, 2038, 2058, 2060-2061, 2063, 2087, 2092, 2119, 2122, 2125, 2128, 2148, 2151, 2158, 2179, 2194, 2201, 2323, 2328, 2334, 2338, 2340, 2343, 2348, 2351, 2356, 2360, 2365, 2369, 2374, 2376, 2830, 2890, 2932, 2939, 2963, 3034, 3039, 3064, 3073, 3153, 3169, 3201, 3277, 3279, 3292, 3297, 3301, 3340, 3352.
Queens 1958.
Quick 712.
RABBIT 720.
READ 3409.
RED 1944.
REFUND 3594.
READ 3409.
RED 1944.
REFUND 3594.
REMEDIES 3586.
REPLACEMENT 3594.
RETURNED 3272.
RIGHT 268, 3594.
Rabbit 39, 50, 54, 57, 129, 133, 291, 295, 297, 348, 696, 698, 709, 788, 790, 792, 798, 804, 808, 856, 868, 874, 1959, 2042, 2046, 2053, 2058-2059, 2701, 2834, 2867, 2887, 2897, 2900, 3053, 3077, 3080, 3129, 3166, 3171, 3179, 3185, 3208, 3214, 3337.
Race 452.
Read 3206.
Really 1876, 3073.
Redistributing 3419.
Redistribution 3400.
Reeling 2467.
Refund 3581.
Release 13.
Repeat 1033.
Replacement 3581.
Revenue 3657.
Right 2277, 3580.
Rome 318-319.
Royalty 3536, 3539.
Rule 3144.
Rome 318-319.
Royalty 3536, 3539.
Rule 3144.
Run 711.
S 19, 30, 268, 271, 306, 313, 319, 2363, 3376, 3661, 3663, 3704, 3715, 3722.
SAID 1605, 3260.
SEND 3694.
SHE 313, 546, 2382, 3254, 3275.
SHOES 2655.
SIT 3026.
SLUGGARD 2716.
SOME 885.
SOMEBODY 522.
SOMETHING 739.
SOMEWHERE 1484.
SOUP 2809.
START 19, 3406.
STRICT 3586.
SUCH 3591.
SWIM 3261.
Said 608, 623, 1073, 2608.
Salt 3666.
Same 2533.
READ 3409.
RED 1944.
REFUND 3594.
REMEDIES 3586.
REPLACEMENT 3594.
RETURNED 3272.
RIGHT 268, 3594.
Rabbit 39, 50, 54, 57, 129, 133, 291, 295, 297, 348, 696, 698, 709, 788, 790, 792, 798, 804, 808, 856, 868, 874, 1959, 2042, 2046, 2053, 2058-2059, 2701, 2834, 2867, 2887, 2897, 2900, 3053, 3077, 3080, 3129, 3166, 3171, 3179, 3185, 3208, 3214, 3337.
Race 452.
Read 3206.
Really 1876, 3073.
Redistributing 3419.
Redistribution 3400.
Reeling 2467.
Refund 3581.
Release 13.
Repeat 1033.
Replacement 3581.
Revenue 3657.
Right 2277, 3580.
Rome 318-319.
Royalty 3536, 3539.
Rule 3144.
Rome 318-319.
Royalty 3536, 3539.
Rule 3144.
Run 711.
S 19, 30, 268, 271, 306, 313, 319, 2363, 3376, 3661, 3663, 3704, 3715, 3722.
SAID 1605, 3260.
SEND 3694.
SHE 313, 546, 2382, 3254, 3275.
SHOES 2655.
SIT 3026.
SLUGGARD 2716.
SOME 885.
SOMEBODY 522.
SOMETHING 739.
SOMEWHERE 1484.
SOUP 2809.
START 19, 3406.
STRICT 3586.
SUCH 3591.
SWIM 3261.
Said 608, 623, 1073, 2608.
Salt 3666.
Same 2533.
READ 3409.
RED 1944.
REFUND 3594.
REMEDIES 3586.
REPLACEMENT 3594.
RETURNED 3272.
RIGHT 268, 3594.
Rabbit 39, 50, 54, 57, 129, 133, 291, 295, 297, 348, 696, 698, 709, 788, 790, 792, 798, 804, 808, 856, 868, 874, 1959, 2042, 2046, 2053, 2058-2059, 2701, 2834, 2867, 2887, 2897, 2900, 3053, 3077, 3080, 3129, 3166, 3171, 3179, 3185, 3208, 3214, 3337.
Race 452.
Read 3206.
Really 1876, 3073.
Redistributing 3419.
Redistribution 3400.
Reeling 2467.
Refund 3581.
Release 13.
Repeat 1033.
Replacement 3581.
Revenue 3657.
Right 2277, 3580.
Rome 318-319.
Royalty 3536, 3539.
Rule 3144.
Pinch 3065.
Plain 3515, 3519.
Please 106, 656, 1288, 1342, 3191, 3706.
Pool 251.
Poor 279, 909.
Posting 12.
Pray 1050, 1060, 2302.
Presently 101, 792.
Prizes 548.
Professor 3715.
Project 0, 4, 3374, 3392-3393, 3411, 3413-3414, 3419, 3422, 3427-3428, 3433, 3436, 3438, 3440, 3443-3444, 3450-3451, 3453-3454, 3456, 3464, 3469, 3472-3474, 3480, 3483, 3488, 3491, 3494, 3498, 3501, 3503, 3508, 3514, 3516, 3520, 3524, 3528, 3532, 3534, 3536, 3540, 3542, 3546, 3550, 3558, 3560, 3563-3564, 3569, 3571-3572, 3581-3583, 3622, 3624, 3627, 3629, 3632, 3634, 3641-3643, 3645-3646, 3651, 3654, 3659, 3677, 3680, 3706, 3712, 3715, 3717, 3721, 3731-3732.
Public 3722.
Puss 1473.
QUEEN 1963.
QUITE 1080, 3110.
Quadrille 2529, 2542, 2722, 2780.
Queen 1267, 1269, 1421, 1519, 1721, 1741, 1909, 1924, 1944, 1948, 1950, 1973, 1976, 1983, 1992, 1995, 2001, 2006-2007, 2010, 2016, 2026, 2031, 2038, 2058, 2060-2061, 2063, 2087, 2092, 2119, 2122, 2125, 2128, 2148, 2151, 2158, 2179, 2194, 2201, 2323, 2328, 2334, 2338, 2340, 2343, 2348, 2351, 2356, 2360, 2365, 2369, 2374, 2376, 2830, 2890, 2932, 2939, 2963, 3034, 3039, 3064, 3073, 3153, 3169, 3201, 3277, 3279, 3292, 3297, 3301, 3340, 3352.
Queens 1958.
Quick 712.
RABBIT 720.
READ 3409.
RED 1944.
REFUND 3594.
PGLAF 3444.
PLEASE 1371, 3409.
PLENTY 1581.
POCKET 58.
POSSIBILITY 3591.
PRECIOUS 1372.
PROJECT 19, 3376, 3393, 3408.
PROVES 3201.
PROVIDED 3588.
PUNITIVE 3590.
PURPOSE 3610.
Panther 2763, 2766, 2770.
Paris 318.
Party 1570.
Pat 804, 811.
Pennyworth 2804-2805.
Pepper 1253, 3060.
Perhaps 397, 1698, 2237.
Pig 1253, 1346.
Pigeon 1169, 1173, 1180, 1184, 1186, 1194, 1200, 1206, 1216, 1220, 1228.
Pinch 3065.
Plain 3515, 3519.
Please 106, 656, 1288, 1342, 3191, 3706.
